image_width: 768
image_height: 1024
camera_name: ladybug_cam_4
camera_matrix:
  rows: 3
  cols: 3
  data: [552.717953, 0, 372.863626, 0, 550.88079, 500.071081, 0, 0, 1]
distortion_model: plumb_bob
distortion_coefficients:
  rows: 1
  cols: 5
  data: [-0.316002, 0.073434, 0.002245, 0.001055, 0]
rectification_matrix:
  rows: 3
  cols: 3
  data: [1, 0, 0, 0, 1, 0, 0, 0, 1]
projection_matrix:
  rows: 3
  cols: 4
  data: [445.05481, 0, 367.75583, 0, 0, 384.780548, 505.309548, 0, 0, 0, 1, 0]
