image_width: 768
image_height: 1024
camera_name: ladybug_cam_5
camera_matrix:
  rows: 3
  cols: 3
  data: [545.362743, 0, 385.608133, 0, 546.707099, 519.283709, 0, 0, 1]
distortion_model: plumb_bob
distortion_coefficients:
  rows: 1
  cols: 5
  data: [-0.300097, 0.06317399999999999, -0.001175, 0.000659, 0]
rectification_matrix:
  rows: 3
  cols: 3
  data: [1, 0, 0, 0, 1, 0, 0, 0, 1]
projection_matrix:
  rows: 3
  cols: 4
  data: [441.096344, 0, 387.345672, 0, 0, 372.433777, 514.019124, 0, 0, 0, 1, 0]
